-1.484 -0.619
1.132 2.017
1.274 -1.013
0.719 -0.726
0.436 -0.489
0.815 0.971
0.748 -0.535
0.134 0.513
-1.154 -1.11
0.391 -0.016
0.202 -0.477
0.062 0.111
0.7 0.195
0.467 0.38
-0.516 -1.582
-0.311 0.893
1.863 -0.165
-0.103 0.161
1.322 -0.17
0.637 0.858
-0.329 -0.077
-0.814 1.096
1.023 -0.636
1.367 -0.743
-2.536 -2.15
0.546 1.846
-1.981 -1.42
-1.551 -2.62
1.482 -0.338
1.064 0.74
-0.248 0.197
0.941 1.091
-0.688 0.525
1.48 -0.089
-0.368 -1.513
-2.211 0.503
0.817 -1.146
-1.16 0.755
-0.17 0.732
-0.992 0.006
0.7 1.851
2.881 0.452
0.508 -0.462
1.71 -2.132
1.036 0.657
-0.904 1.116
3.146 0.189
0.83 -2.124
1.03 0.994
0.083 -0.306
