2.588 1
-1.262 1
-0.933 1
0.68 1
-0.151 1
0.4 1
-1.415 1
1.641 1
0.3 1
-0.255 1
-0.986 1
-1.043 1
0.928 1
0.88 1
1.144 1
0.994 1
1.864 1
0.135 1
2.273 1
-0.057 1
-0.545 1
-0.295 1
1.314 1
-1.48 1
1.109 1
2.182 1
-2.396 1
-0.713 1
-0.256 1
-1.907 1
-1.615 1
-1.165 1
1.492 1
-0.219 1
-0.151 1
1.326 1
0.953 1
0.977 1
-0.192 1
2.929 1
-0.611 1
0.213 1
-1.158 1
-1.145 1
-0.581 1
2.827 1
-1.791 1
-1.038 1
0.33 1
-2.985 1
-1.767 2
1.465 2
-0.692 2
0.946 2
0.657 2
0.801 2
1.075 2
0.657 2
-0.247 2
-1.491 2
1.437 2
-1.841 2
1.764 2
0.876 2
-0.622 2
-1.241 2
-0.727 2
2.15 2
-0.684 2
2.836 2
-2.501 2
0.195 2
-0.404 2
1.549 2
2.536 2
0.156 2
-2.962 2
0.023 2
1.191 2
0.322 2
0.097 2
-1.33 2
1.099 2
-0.607 2
0.574 2
-0.971 2
2.327 2
-0.207 2
0.849 2
-1.038 2
-0.218 2
-3.005 2
-0.136 2
-2.327 2
-0.147 2
1.791 2
1.839 2
1.73 2
-0.013 2
-0.607 2
