-0.102 -3.137
-0.867 -6.0
1.748 3.793
0.969 0.876
-0.36 -4.1
-1.478 -8.289
-0.45 -4.44
-0.945 -6.293
-0.039 -2.9
2.827 7.835
0.984 0.93
-0.208 -3.533
-0.48 -4.55
1.061 1.222
-0.516 -4.686
-0.439 -4.398
0.426 -1.156
-0.54 -4.777
1.519 2.936
-1.09 -6.834
1.429 2.599
1.202 1.75
-2.486 -12.063
0.64 -0.357
-1.59 -8.709
-0.912 -6.168
-1.133 -6.995
-0.247 -3.677
-2.538 -12.259
-2.322 -11.448
0.14 -2.23
-0.861 -5.976
0.52 -0.806
-0.445 -4.418
-0.424 -4.341
-1.469 -8.253
0.265 -1.762
1.544 3.03
1.07 1.253
-0.331 -3.993
-0.162 -3.359
-0.303 -3.889
0.248 -1.825
0.133 -2.256
0.956 0.827
0.502 -0.871
0.206 -1.981
0.632 -0.385
-1.383 -7.933
-0.722 -5.456
